Data from FLMS155811_13-43-46-130.txt Node
298.026	0.29
298.106	0.29
298.185	0.29
298.265	27.84
298.344	-68.59
298.424	-98.44
298.503	-89.26
298.583	-68.59
298.662	-107.63
298.741	-41.04
298.821	-24.97
298.9	-20.38
298.98	-8.9
299.059	-6.6
299.138	4.88
299.217	11.77
299.297	73.76
299.376	71.46
299.455	112.79
299.535	87.54
299.614	103.61
299.693	117.38
299.772	115.09
299.852	163.3
299.931	202.34
300.01	250.55
300.089	243.66
300.168	197.74
300.247	239.07
300.327	287.29
300.406	250.55
300.485	271.22
300.564	335.5
300.643	301.06
300.722	356.17
300.801	324.02
300.88	340.1
300.959	395.2
301.038	349.28
301.117	340.1
301.196	333.21
301.275	328.62
301.354	365.35
301.433	411.27
301.512	388.31
301.591	383.72
301.67	344.69
301.749	363.06
301.828	422.75
301.907	374.54
301.985	386.02
302.064	363.06
302.143	390.61
302.222	374.54
302.301	399.79
302.38	365.35
302.458	349.28
302.537	390.61
302.616	399.79
302.695	344.69
302.773	386.02
302.852	342.39
302.931	340.1
303.01	363.06
303.088	363.06
303.167	392.9
303.246	346.98
303.324	397.5
303.403	376.83
303.481	363.06
303.56	390.61
303.639	376.83
303.717	411.27
303.796	301.06
303.874	349.28
303.953	344.69
304.032	342.39
304.11	376.83
304.189	326.32
304.267	425.05
304.346	367.65
304.424	374.54
304.502	337.8
304.581	317.14
304.659	319.43
304.738	392.9
304.816	390.61
304.895	363.06
304.973	413.57
305.051	335.5
305.13	353.87
305.208	404.38
305.286	307.95
305.365	333.21
305.443	413.57
305.521	358.46
305.6	397.5
305.678	404.38
305.756	301.06
305.834	415.86
305.913	388.31
305.991	342.39
306.069	305.66
306.147	321.73
306.225	374.54
306.304	328.62
306.382	406.68
306.46	406.68
306.538	342.39
306.616	413.57
306.694	390.61
306.772	369.94
306.85	388.31
306.929	369.94
307.007	369.94
307.085	317.14
307.163	351.58
307.241	402.09
307.319	314.84
307.397	324.02
307.475	372.24
307.553	360.76
307.631	275.81
307.709	337.8
307.786	268.92
307.864	349.28
307.942	356.17
308.02	337.8
308.098	340.1
308.176	365.35
308.254	383.72
308.332	376.83
308.409	372.24
308.487	360.76
308.565	321.73
308.643	390.61
308.721	406.68
308.798	390.61
308.876	406.68
308.954	411.27
309.032	317.14
309.109	342.39
309.187	349.28
309.265	388.31
309.342	376.83
309.42	413.57
309.498	379.13
309.575	406.68
309.653	388.31
309.731	310.25
309.808	351.58
309.886	351.58
309.963	379.13
310.041	452.6
310.119	468.67
310.196	346.98
310.274	342.39
310.351	324.02
310.429	406.68
310.506	356.17
310.584	427.34
310.661	319.43
310.738	425.05
310.816	379.13
310.893	445.71
310.971	399.79
311.048	395.2
311.126	369.94
311.203	397.5
311.28	422.75
311.358	340.1
311.435	328.62
311.512	388.31
311.59	461.78
311.667	356.17
311.744	388.31
311.821	367.65
311.899	402.09
311.976	360.76
312.053	376.83
312.13	402.09
312.208	337.8
312.285	353.87
312.362	383.72
312.439	328.62
312.516	427.34
312.593	422.75
312.671	418.16
312.748	358.46
312.825	307.95
312.902	353.87
312.979	369.94
313.056	376.83
313.133	383.72
313.21	340.1
313.287	349.28
313.364	333.21
313.441	369.94
313.518	413.57
313.595	406.68
313.672	397.5
313.749	369.94
313.826	425.05
313.903	383.72
313.98	365.35
314.057	443.42
314.134	388.31
314.211	324.02
314.287	363.06
314.364	367.65
314.441	365.35
314.518	420.46
314.595	369.94
314.672	367.65
314.748	402.09
314.825	422.75
314.902	330.91
314.979	342.39
315.055	346.98
315.132	367.65
315.209	360.76
315.286	342.39
315.362	397.5
315.439	367.65
315.516	415.86
315.592	310.25
315.669	383.72
315.746	415.86
315.822	429.64
315.899	328.62
315.975	408.98
316.052	413.57
316.128	374.54
316.205	340.1
316.282	404.38
316.358	335.5
316.435	415.86
316.511	413.57
316.588	461.78
316.664	337.8
316.741	399.79
316.817	388.31
316.893	434.23
316.97	383.72
317.046	395.2
317.123	413.57
317.199	397.5
317.275	365.35
317.352	399.79
317.428	397.5
317.504	434.23
317.581	379.13
317.657	436.53
317.733	372.24
317.81	388.31
317.886	383.72
317.962	369.94
318.038	395.2
318.115	358.46
318.191	397.5
318.267	418.16
318.343	392.9
318.419	383.72
318.496	397.5
318.572	392.9
318.648	404.38
318.724	422.75
318.8	404.38
318.876	365.35
318.952	381.42
319.028	448.01
319.105	379.13
319.181	411.27
319.257	289.58
319.333	445.71
319.409	454.9
319.485	342.39
319.561	395.2
319.637	436.53
319.713	395.2
319.789	372.24
319.865	461.78
319.94	466.38
320.016	363.06
320.092	402.09
320.168	418.16
320.244	379.13
320.32	390.61
320.396	358.46
320.472	408.98
320.547	473.26
320.623	402.09
320.699	372.24
320.775	392.9
320.851	395.2
320.926	413.57
321.002	427.34
321.078	340.1
321.154	445.71
321.229	448.01
321.305	369.94
321.381	441.12
321.456	438.82
321.532	372.24
321.608	353.87
321.683	388.31
321.759	337.8
321.835	367.65
321.91	436.53
321.986	413.57
322.061	383.72
322.137	372.24
322.212	397.5
322.288	399.79
322.364	470.97
322.439	441.12
322.515	418.16
322.59	402.09
322.666	340.1
322.741	415.86
322.816	402.09
322.892	431.94
322.967	376.83
323.043	346.98
323.118	388.31
323.193	372.24
323.269	337.8
323.344	365.35
323.42	496.23
323.495	438.82
323.57	372.24
323.646	418.16
323.721	344.69
323.796	406.68
323.871	404.38
323.947	431.94
324.022	353.87
324.097	340.1
324.172	425.05
324.248	411.27
324.323	406.68
324.398	381.42
324.473	388.31
324.548	415.86
324.623	349.28
324.699	434.23
324.774	422.75
324.849	346.98
324.924	425.05
324.999	392.9
325.074	337.8
325.149	351.58
325.224	395.2
325.299	374.54
325.374	395.2
325.449	381.42
325.524	383.72
325.599	429.64
325.674	390.61
325.749	397.5
325.824	275.81
325.899	395.2
325.974	358.46
326.049	353.87
326.124	420.46
326.199	369.94
326.273	411.27
326.348	434.23
326.423	431.94
326.498	363.06
326.573	379.13
326.648	399.79
326.722	388.31
326.797	360.76
326.872	427.34
326.947	333.21
327.021	422.75
327.096	383.72
327.171	397.5
327.245	363.06
327.32	434.23
327.395	402.09
327.47	482.45
327.544	466.38
327.619	422.75
327.693	365.35
327.768	408.98
327.843	376.83
327.917	431.94
327.992	402.09
328.066	349.28
328.141	441.12
328.215	443.42
328.29	337.8
328.364	418.16
328.439	461.78
328.513	443.42
328.588	425.05
328.662	367.65
328.737	367.65
328.811	415.86
328.886	383.72
328.96	374.54
329.035	438.82
329.109	425.05
329.183	420.46
329.258	399.79
329.332	386.02
329.406	376.83
329.481	379.13
329.555	408.98
329.629	459.49
329.704	470.97
329.778	425.05
329.852	365.35
329.926	381.42
330.001	493.93
330.075	406.68
330.149	356.17
330.223	454.9
330.297	376.83
330.372	404.38
330.446	397.5
330.52	363.06
330.594	436.53
330.668	374.54
330.742	374.54
330.816	434.23
330.89	450.3
330.964	386.02
331.038	418.16
331.113	427.34
331.187	429.64
331.261	379.13
331.335	507.71
331.409	436.53
331.483	418.16
331.557	408.98
331.63	365.35
331.704	356.17
331.778	395.2
331.852	459.49
331.926	413.57
332	408.98
332.074	454.9
332.148	438.82
332.222	438.82
332.295	411.27
332.369	413.57
332.443	454.9
332.517	454.9
332.591	427.34
332.665	408.98
332.738	383.72
332.812	381.42
332.886	344.69
332.959	399.79
333.033	395.2
333.107	381.42
333.181	344.69
333.254	431.94
333.328	459.49
333.402	374.54
333.475	473.26
333.549	399.79
333.622	392.9
333.696	420.46
333.77	390.61
333.843	404.38
333.917	404.38
333.99	436.53
334.064	321.73
334.137	459.49
334.211	374.54
334.284	406.68
334.358	422.75
334.431	425.05
334.505	388.31
334.578	404.38
334.652	466.38
334.725	415.86
334.799	388.31
334.872	388.31
334.945	383.72
335.019	376.83
335.092	374.54
335.165	365.35
335.239	443.42
335.312	431.94
335.385	406.68
335.459	418.16
335.532	445.71
335.605	415.86
335.678	425.05
335.752	406.68
335.825	376.83
335.898	431.94
335.971	452.6
336.045	420.46
336.118	360.76
336.191	369.94
336.264	411.27
336.337	360.76
336.41	404.38
336.483	438.82
336.557	429.64
336.63	376.83
336.703	466.38
336.776	434.23
336.849	404.38
336.922	427.34
336.995	420.46
337.068	381.42
337.141	438.82
337.214	461.78
337.287	363.06
337.36	454.9
337.433	395.2
337.506	422.75
337.579	452.6
337.652	390.61
337.725	395.2
337.797	369.94
337.87	406.68
337.943	415.86
338.016	441.12
338.089	489.34
338.162	402.09
338.235	360.76
338.307	425.05
338.38	438.82
338.453	470.97
338.526	395.2
338.598	392.9
338.671	448.01
338.744	422.75
338.817	457.19
338.889	388.31
338.962	413.57
339.035	450.3
339.107	438.82
339.18	381.42
339.253	429.64
339.325	406.68
339.398	425.05
339.47	427.34
339.543	404.38
339.616	468.67
339.688	388.31
339.761	411.27
339.833	395.2
339.906	425.05
339.978	406.68
340.051	425.05
340.123	376.83
340.196	397.5
340.268	448.01
340.341	388.31
340.413	434.23
340.485	365.35
340.558	388.31
340.63	436.53
340.703	411.27
340.775	411.27
340.847	372.24
340.92	402.09
340.992	353.87
341.064	450.3
341.137	441.12
341.209	431.94
341.281	390.61
341.354	427.34
341.426	415.86
341.498	443.42
341.57	365.35
341.643	386.02
341.715	450.3
341.787	397.5
341.859	383.72
341.931	431.94
342.003	443.42
342.076	388.31
342.148	425.05
342.22	454.9
342.292	434.23
342.364	457.19
342.436	443.42
342.508	406.68
342.58	395.2
342.652	420.46
342.724	427.34
342.796	356.17
342.868	484.75
342.94	383.72
343.012	459.49
343.084	454.9
343.156	404.38
343.228	367.65
343.3	376.83
343.372	448.01
343.444	454.9
343.516	434.23
343.588	443.42
343.66	411.27
343.731	441.12
343.803	445.71
343.875	461.78
343.947	448.01
344.019	436.53
344.09	379.13
344.162	390.61
344.234	448.01
344.306	473.26
344.377	454.9
344.449	498.52
344.521	450.3
344.593	445.71
344.664	441.12
344.736	408.98
344.808	425.05
344.879	457.19
344.951	482.45
345.023	457.19
345.094	404.38
345.166	512.3
345.237	468.67
345.309	441.12
345.38	445.71
345.452	420.46
345.524	454.9
345.595	507.71
345.667	415.86
345.738	422.75
345.81	431.94
345.881	418.16
345.953	434.23
346.024	365.35
346.095	411.27
346.167	507.71
346.238	376.83
346.31	457.19
346.381	445.71
346.452	399.79
346.524	480.15
346.595	402.09
346.666	399.79
346.738	413.57
346.809	445.71
346.88	443.42
346.952	395.2
347.023	454.9
347.094	448.01
347.165	427.34
347.237	392.9
347.308	475.56
347.379	477.86
347.45	473.26
347.521	431.94
347.593	445.71
347.664	441.12
347.735	434.23
347.806	473.26
347.877	461.78
347.948	473.26
348.019	383.72
348.09	457.19
348.161	441.12
348.233	434.23
348.304	468.67
348.375	477.86
348.446	436.53
348.517	425.05
348.588	434.23
348.659	448.01
348.73	420.46
348.801	450.3
348.871	470.97
348.942	420.46
349.013	496.23
349.084	445.71
349.155	448.01
349.226	549.03
349.297	505.41
349.368	425.05
349.439	441.12
349.509	445.71
349.58	431.94
349.651	475.56
349.722	521.48
349.793	466.38
349.863	473.26
349.934	498.52
350.005	528.37
350.076	496.23
350.146	413.57
350.217	441.12
350.288	466.38
350.358	505.41
350.429	457.19
350.5	434.23
350.57	498.52
350.641	482.45
350.711	498.52
350.782	500.82
350.853	448.01
350.923	466.38
350.994	482.45
351.064	503.11
351.135	422.75
351.205	491.63
351.276	450.3
351.346	464.08
351.417	422.75
351.487	457.19
351.558	505.41
351.628	549.03
351.699	597.25
351.769	503.11
351.84	510
351.91	535.26
351.98	510
352.051	503.11
352.121	560.51
352.191	523.78
352.262	599.55
352.332	583.47
352.402	615.62
352.473	622.51
352.543	608.73
352.613	590.36
352.683	592.66
352.754	673.02
352.824	730.42
352.894	659.24
352.964	732.71
353.035	675.31
353.105	741.9
353.175	712.05
353.245	702.87
353.315	739.6
353.385	771.75
353.455	790.11
353.526	799.3
353.596	808.48
353.666	854.4
353.736	861.29
353.806	989.87
353.876	980.68
353.946	920.99
354.016	989.87
354.086	1015.12
354.156	992.16
354.226	1047.27
354.296	1049.56
354.366	1171.25
354.436	1230.95
354.506	1210.28
354.576	1233.24
354.645	1251.61
354.715	1304.42
354.785	1371
354.855	1460.55
354.925	1458.25
354.995	1485.81
355.065	1586.83
355.134	1628.16
355.204	1646.53
355.274	1713.11
355.344	1850.87
355.414	1850.87
355.483	1899.09
355.553	1949.6
355.623	2020.78
355.693	2002.41
355.762	2108.02
355.832	2300.89
355.902	2266.45
355.971	2399.62
356.041	2440.95
356.111	2631.51
356.18	2654.47
356.25	2548.86
356.319	2822.08
356.389	2930
356.459	2952.96
356.528	3120.56
356.598	3246.84
356.667	3249.14
356.737	3405.27
356.806	3389.2
356.876	3568.29
356.945	3595.84
357.015	3839.21
357.084	3770.33
357.154	3993.05
357.223	4165.25
357.292	4211.17
357.362	4470.62
357.431	4514.24
357.501	4679.55
357.57	4886.2
357.639	4968.85
357.709	5005.59
357.778	5189.27
357.847	5304.07
357.917	5503.82
357.986	5871.18
358.055	6068.64
358.124	6243.14
358.194	6309.72
358.263	6440.59
358.332	6509.47
358.401	6842.4
358.471	7163.84
358.54	7414.1
358.609	7368.18
358.678	7641.41
358.747	7877.9
358.816	7946.78
358.886	8194.75
358.955	8488.63
359.024	8736.6
359.093	8996.05
359.162	9218.77
359.231	9430
359.3	9627.45
359.369	10036.14
359.438	10010.89
359.507	10626.22
359.576	10865
359.645	10917.81
359.714	11250.73
359.783	11680.09
359.852	11813.26
359.921	11941.83
359.99	12444.66
360.059	12910.75
360.128	13243.67
360.197	13484.75
360.266	13728.13
360.334	14256.21
360.403	14327.39
360.472	14784.29
360.541	15064.41
360.61	15535.09
360.679	15721.06
360.747	16281.29
360.816	16765.75
360.885	16928.77
360.954	17408.63
361.022	18028.55
361.091	18198.46
361.16	18409.69
361.228	18802.31
361.297	19392.38
361.366	19954.91
361.434	20297.01
361.503	20659.78
361.572	21433.54
361.64	21647.06
361.709	22345.05
361.778	23036.15
361.846	22987.93
361.915	23603.26
361.983	24202.52
362.052	24624.99
362.12	25419.41
362.189	25534.21
362.257	26549.05
362.326	26930.18
362.394	27421.53
362.463	28415.7
362.531	28753.21
362.6	29164.2
362.668	30034.39
362.737	29940.25
362.805	31081.37
362.873	31428.07
362.942	32263.81
363.01	32918.18
363.079	33368.19
363.147	34167.2
363.215	34383.03
363.284	35227.96
363.352	35609.1
363.42	36307.09
363.488	36885.68
363.557	37654.84
363.625	37925.77
363.693	38593.91
363.761	39406.7
363.83	39838.35
363.898	40279.18
363.966	41131
364.034	41886.39
364.102	42008.08
364.171	43036.69
364.239	43206.59
364.307	43959.69
364.375	44772.47
364.443	44903.35
364.511	45674.8
364.579	46361.31
364.647	46884.8
364.715	47185.58
364.783	47856.01
364.851	48136.13
364.919	48884.63
364.987	49417.3
365.055	49704.3
365.123	50636.48
365.191	50863.79
365.259	51398.76
365.327	51706.42
365.395	51759.23
365.463	52046.23
365.531	52829.17
365.599	52757.99
365.667	53430.72
365.735	53837.12
365.802	53945.03
365.87	54537.4
365.938	54778.48
366.006	55035.64
366.074	54895.58
366.142	55361.67
366.209	55515.5
366.277	55908.12
366.345	55931.08
366.413	56236.45
366.48	56328.29
366.548	56482.12
366.616	56638.25
366.683	57030.87
366.751	57499.25
366.819	57609.46
366.886	57591.09
366.954	57921.72
367.022	57721.97
367.089	58061.78
367.157	58158.21
367.224	58098.51
367.292	58585.27
367.36	58619.71
367.427	58748.28
367.495	58493.43
367.562	58560.01
367.63	58803.39
367.697	58704.66
367.765	58984.77
367.832	58991.66
367.9	59216.67
367.967	59039.88
368.034	59138.6
368.102	59209.78
368.169	59694.24
368.237	59453.16
368.304	59342.95
368.371	59083.5
368.439	59588.62
368.506	59462.34
368.573	59701.13
368.641	59531.22
368.708	59606.99
368.775	59827.41
368.843	59595.51
368.91	59581.73
368.977	59368.21
369.044	59629.95
369.112	59432.49
369.179	59579.44
369.246	59186.82
369.313	59749.34
369.38	59306.21
369.448	59303.92
369.515	59303.92
369.582	59398.05
369.649	59283.25
369.716	59499.08
369.783	59326.88
369.85	59354.43
369.917	59370.5
369.984	59055.95
370.052	59140.9
370.119	58888.34
370.186	59177.64
370.253	58736.8
370.32	58853.9
370.387	58819.46
370.454	58578.38
370.521	58378.63
370.587	58213.31
370.654	57963.05
370.721	57712.78
370.788	57664.57
370.855	57184.7
370.922	57111.23
370.989	56691.06
371.056	56061.95
371.123	55875.97
371.189	55127.48
371.256	54544.29
371.323	53933.55
371.39	53224.08
371.457	52356.19
371.523	51596.21
371.59	50142.84
371.657	49258.88
371.724	47796.32
371.79	46342.94
371.857	44875.79
371.924	43004.55
371.991	41222.84
372.057	39301.08
372.124	37978.58
372.191	35935.13
372.257	34403.69
372.324	32351.06
372.39	30608.39
372.457	28904.75
372.524	27345.76
372.59	25281.65
372.657	23952.26
372.723	22124.63
372.79	20763.1
372.856	19254.62
372.923	18069.88
372.989	17043.57
373.056	15509.83
373.122	14667.2
373.189	13528.38
373.255	12513.54
373.322	11696.16
373.388	10557.34
373.454	10017.78
373.521	9287.65
373.587	8546.03
373.654	8045.5
373.72	7476.09
373.786	6837.8
373.853	6394.67
373.919	5795.42
373.985	5558.93
374.052	5072.17
374.118	4886.2
374.184	4681.85
374.25	4218.06
374.317	4038.97
374.383	3772.63
374.449	3409.86
374.515	3278.99
374.581	3028.72
374.648	2980.51
374.714	2718.76
374.78	2578.71
374.846	2450.13
374.912	2333.03
374.978	2245.78
375.044	2151.65
375.11	1942.71
375.177	1873.83
375.243	1655.71
375.309	1763.62
375.375	1618.97
375.441	1566.17
375.507	1527.13
375.573	1435.29
375.639	1430.7
375.705	1251.61
375.771	1299.83
375.837	1251.61
375.903	1168.96
375.968	1152.88
376.034	1141.4
376.1	1042.68
376.166	1077.12
376.232	1058.75
376.298	955.43
376.364	875.07
376.43	909.51
376.495	953.13
376.561	842.92
376.627	861.29
376.693	810.78
376.759	769.45
376.824	762.56
376.89	757.97
376.956	836.03
377.022	746.49
377.087	633.99
377.153	617.91
377.219	730.42
377.284	668.43
377.35	673.02
377.416	691.39
377.481	627.1
377.547	620.21
377.613	629.39
377.678	599.55
377.744	594.95
377.809	608.73
377.875	652.35
377.94	574.29
378.006	659.24
378.071	601.84
378.137	594.95
378.202	571.99
378.268	583.47
378.333	629.39
378.399	565.11
378.464	505.41
378.53	576.59
378.595	505.41
378.661	537.55
378.726	464.08
378.791	562.81
378.857	565.11
378.922	521.48
378.987	592.66
379.053	565.11
379.118	562.81
379.183	551.33
379.249	482.45
379.314	523.78
379.379	532.96
379.444	521.48
379.51	503.11
379.575	487.04
379.64	429.64
379.705	489.34
379.771	505.41
379.836	510
379.901	484.75
379.966	514.59
380.031	484.75
380.096	549.03
380.161	532.96
380.227	542.15
380.292	489.34
380.357	477.86
380.422	445.71
380.487	443.42
380.552	493.93
380.617	512.3
380.682	507.71
380.747	468.67
380.812	526.07
380.877	487.04
380.942	473.26
381.007	571.99
381.072	397.5
381.137	448.01
381.202	443.42
381.266	431.94
381.331	466.38
381.396	452.6
381.461	413.57
381.526	489.34
381.591	415.86
381.656	473.26
381.72	530.67
381.785	388.31
381.85	448.01
381.915	369.94
381.979	436.53
382.044	431.94
382.109	415.86
382.174	436.53
382.238	493.93
382.303	468.67
382.368	466.38
382.432	461.78
382.497	477.86
382.562	441.12
382.626	388.31
382.691	496.23
382.756	452.6
382.82	406.68
382.885	434.23
382.949	448.01
383.014	379.13
383.078	457.19
383.143	411.27
383.208	470.97
383.272	468.67
383.337	448.01
383.401	464.08
383.465	399.79
383.53	461.78
383.594	406.68
383.659	454.9
383.723	431.94
383.788	441.12
383.852	438.82
383.916	443.42
383.981	427.34
384.045	498.52
384.109	425.05
384.174	413.57
384.238	452.6
384.302	450.3
384.367	392.9
384.431	415.86
384.495	402.09
384.56	397.5
384.624	425.05
384.688	500.82
384.752	461.78
384.816	500.82
384.881	374.54
384.945	475.56
385.009	473.26
385.073	461.78
385.137	477.86
385.201	404.38
385.265	468.67
385.33	450.3
385.394	530.67
385.458	448.01
385.522	379.13
385.586	402.09
385.65	425.05
385.714	395.2
385.778	372.24
385.842	388.31
385.906	408.98
385.97	438.82
386.034	434.23
386.098	413.57
386.162	452.6
386.226	408.98
386.29	413.57
386.354	420.46
386.417	388.31
386.481	346.98
386.545	464.08
386.609	411.27
386.673	459.49
386.737	406.68
386.8	473.26
386.864	482.45
386.928	487.04
386.992	369.94
387.056	429.64
387.119	523.78
387.183	404.38
387.247	461.78
387.31	392.9
387.374	431.94
387.438	397.5
387.502	429.64
387.565	438.82
387.629	445.71
387.692	434.23
387.756	402.09
387.82	427.34
387.883	454.9
387.947	514.59
388.01	392.9
388.074	464.08
388.138	381.42
388.201	386.02
388.265	438.82
388.328	340.1
388.392	454.9
388.455	487.04
388.519	415.86
388.582	441.12
388.645	429.64
388.709	363.06
388.772	425.05
388.836	425.05
388.899	443.42
388.962	464.08
389.026	436.53
389.089	429.64
389.153	360.76
389.216	351.58
389.279	464.08
389.343	399.79
389.406	459.49
389.469	415.86
389.532	392.9
389.596	381.42
389.659	395.2
389.722	411.27
389.785	337.8
389.848	445.71
389.912	450.3
389.975	402.09
390.038	372.24
390.101	436.53
390.164	358.46
390.227	448.01
390.291	372.24
390.354	408.98
390.417	381.42
390.48	392.9
390.543	390.61
390.606	454.9
390.669	431.94
390.732	399.79
390.795	395.2
390.858	445.71
390.921	367.65
390.984	392.9
391.047	386.02
391.11	434.23
391.173	422.75
391.236	402.09
391.299	390.61
391.362	397.5
391.424	443.42
391.487	383.72
391.55	399.79
391.613	376.83
391.676	369.94
391.739	411.27
391.802	413.57
391.864	395.2
391.927	434.23
391.99	461.78
392.053	436.53
392.115	425.05
392.178	402.09
392.241	420.46
392.304	383.72
392.366	454.9
392.429	411.27
392.492	404.38
392.554	436.53
392.617	454.9
392.68	408.98
392.742	386.02
392.805	356.17
392.867	395.2
392.93	436.53
392.992	431.94
393.055	420.46
393.118	422.75
393.18	443.42
393.243	413.57
393.305	374.54
393.368	422.75
393.43	411.27
393.493	415.86
393.555	402.09
393.618	386.02
393.68	365.35
393.742	330.91
393.805	415.86
393.867	445.71
393.93	452.6
393.992	422.75
394.054	337.8
394.117	383.72
394.179	413.57
394.241	411.27
394.304	383.72
394.366	418.16
394.428	353.87
394.49	411.27
394.553	376.83
394.615	363.06
394.677	381.42
394.739	404.38
394.802	408.98
394.864	420.46
394.926	418.16
394.988	436.53
395.05	484.75
395.112	418.16
395.174	422.75
395.237	413.57
395.299	330.91
395.361	367.65
395.423	367.65
395.485	392.9
395.547	415.86
395.609	397.5
395.671	434.23
395.733	392.9
395.795	422.75
395.857	360.76
395.919	402.09
395.981	342.39
396.043	431.94
396.105	388.31
396.167	351.58
396.229	422.75
396.291	392.9
396.352	369.94
396.414	480.15
396.476	397.5
396.538	448.01
396.6	344.69
396.662	383.72
396.724	425.05
396.785	388.31
396.847	363.06
396.909	386.02
396.971	422.75
397.032	438.82
397.094	328.62
397.156	431.94
397.218	360.76
397.279	351.58
397.341	376.83
397.403	487.04
397.464	448.01
397.526	388.31
397.588	360.76
397.649	457.19
397.711	434.23
397.772	413.57
397.834	365.35
397.896	402.09
397.957	408.98
398.019	402.09
398.08	365.35
398.142	399.79
398.203	376.83
398.265	358.46
398.326	367.65
398.388	404.38
398.449	427.34
398.511	388.31
398.572	392.9
398.633	392.9
398.695	342.39
398.756	294.18
398.818	346.98
398.879	395.2
398.94	431.94
399.002	415.86
399.063	415.86
399.124	358.46
399.186	360.76
399.247	438.82
399.308	411.27
399.369	379.13
399.431	406.68
399.492	434.23
399.553	381.42
399.614	363.06
399.676	402.09
399.737	415.86
399.798	374.54
399.859	431.94
399.92	399.79
399.981	358.46
400.042	360.76
400.104	381.42
400.165	388.31
400.226	431.94
400.287	425.05
400.348	346.98
400.409	386.02
400.47	360.76
400.531	425.05
400.592	374.54
400.653	491.63
400.714	406.68
400.775	448.01
400.836	438.82
400.897	482.45
400.958	353.87
401.019	411.27
401.08	390.61
401.141	395.2
401.201	408.98
401.262	353.87
401.323	317.14
401.384	395.2
401.445	425.05
401.506	340.1
401.567	321.73
401.627	418.16
401.688	429.64
401.749	369.94
401.81	360.76
401.87	383.72
401.931	418.16
401.992	408.98
402.053	351.58
402.113	369.94
402.174	330.91
402.235	372.24
402.295	367.65
402.356	415.86
402.417	397.5
402.477	392.9
402.538	413.57
402.598	369.94
402.659	383.72
402.719	374.54
402.78	436.53
402.841	411.27
402.901	369.94
402.962	372.24
403.022	418.16
403.083	404.38
403.143	390.61
403.204	452.6
403.264	399.79
403.324	353.87
403.385	337.8
403.445	372.24
403.506	365.35
403.566	427.34
403.627	367.65
403.687	450.3
403.747	427.34
403.808	363.06
403.868	413.57
403.928	434.23
403.989	425.05
404.049	408.98
404.109	381.42
404.169	351.58
404.23	402.09
404.29	379.13
404.35	431.94
404.41	422.75
404.47	360.76
404.531	408.98
404.591	457.19
404.651	397.5
404.711	356.17
404.771	360.76
404.831	404.38
404.892	459.49
404.952	365.35
405.012	418.16
405.072	434.23
405.132	383.72
405.192	360.76
405.252	372.24
405.312	408.98
405.372	365.35
405.432	344.69
405.492	406.68
405.552	468.67
405.612	381.42
405.672	395.2
405.732	418.16
405.792	415.86
405.852	356.17
405.912	473.26
405.971	379.13
406.031	422.75
406.091	337.8
406.151	358.46
406.211	408.98
406.271	448.01
406.33	383.72
406.39	404.38
406.45	379.13
406.51	372.24
406.57	399.79
406.629	349.28
406.689	346.98
406.749	406.68
406.808	473.26
406.868	363.06
406.928	443.42
406.988	413.57
407.047	392.9
407.107	353.87
407.166	381.42
407.226	369.94
407.286	388.31
407.345	381.42
407.405	376.83
407.464	330.91
407.524	365.35
407.584	397.5
407.643	390.61
407.703	493.93
407.762	448.01
407.822	386.02
407.881	365.35
407.941	358.46
408	376.83
408.059	399.79
408.119	438.82
408.178	395.2
408.238	324.02
408.297	429.64
408.356	459.49
408.416	390.61
408.475	457.19
408.535	328.62
408.594	418.16
408.653	397.5
408.712	386.02
408.772	376.83
408.831	431.94
408.89	413.57
408.95	402.09
409.009	434.23
409.068	411.27
409.127	374.54
409.186	379.13
409.246	408.98
409.305	360.76
409.364	303.36
409.423	454.9
409.482	406.68
409.541	307.95
409.6	369.94
409.66	360.76
409.719	418.16
409.778	434.23
409.837	372.24
409.896	369.94
409.955	438.82
410.014	390.61
410.073	402.09
410.132	349.28
410.191	388.31
410.25	381.42
410.309	340.1
410.368	344.69
410.427	351.58
410.486	397.5
410.545	376.83
410.603	420.46
410.662	358.46
410.721	406.68
410.78	379.13
410.839	374.54
410.898	390.61
410.957	452.6
411.015	388.31
411.074	434.23
411.133	381.42
411.192	418.16
411.25	374.54
411.309	369.94
411.368	374.54
411.427	372.24
411.485	335.5
411.544	358.46
411.603	425.05
411.661	381.42
411.72	408.98
411.779	395.2
411.837	411.27
411.896	346.98
411.955	376.83
412.013	450.3
412.072	429.64
412.13	436.53
412.189	372.24
412.247	369.94
412.306	365.35
412.364	454.9
412.423	399.79
412.481	381.42
412.54	346.98
412.598	280.4
412.657	395.2
412.715	349.28
412.774	381.42
412.832	353.87
412.891	363.06
412.949	397.5
413.007	374.54
413.066	358.46
413.124	376.83
413.182	395.2
413.241	425.05
413.299	335.5
413.357	379.13
413.416	466.38
413.474	337.8
413.532	420.46
413.59	349.28
413.649	415.86
413.707	381.42
413.765	340.1
413.823	431.94
413.881	351.58
413.94	291.88
413.998	307.95
414.056	351.58
414.114	346.98
414.172	374.54
414.23	381.42
414.288	367.65
414.347	337.8
414.405	349.28
414.463	372.24
414.521	358.46
414.579	383.72
414.637	358.46
414.695	356.17
414.753	395.2
414.811	402.09
414.869	427.34
414.927	337.8
414.985	358.46
415.043	388.31
415.101	404.38
415.158	317.14
415.216	427.34
415.274	356.17
415.332	397.5
415.39	360.76
415.448	330.91
415.506	335.5
415.563	390.61
415.621	314.84
415.679	374.54
415.737	383.72
415.795	363.06
415.852	363.06
415.91	383.72
415.968	390.61
416.026	335.5
416.083	363.06
416.141	386.02
416.199	353.87
416.256	399.79
416.314	363.06
416.372	353.87
416.429	346.98
416.487	408.98
416.544	363.06
416.602	363.06
416.66	381.42
416.717	399.79
416.775	353.87
416.832	408.98
416.89	367.65
416.947	413.57
417.005	395.2
417.062	372.24
417.12	386.02
417.177	333.21
417.235	434.23
417.292	369.94
417.35	468.67
417.407	346.98
417.464	324.02
417.522	360.76
417.579	402.09
417.637	379.13
417.694	431.94
417.751	425.05
417.809	360.76
417.866	386.02
417.923	388.31
417.981	425.05
418.038	369.94
418.095	342.39
418.152	429.64
418.21	365.35
418.267	438.82
418.324	411.27
418.381	351.58
418.438	367.65
418.496	390.61
418.553	340.1
418.61	330.91
418.667	438.82
418.724	415.86
418.781	367.65
418.838	351.58
418.895	415.86
418.952	386.02
419.01	383.72
419.067	369.94
419.124	397.5
419.181	379.13
419.238	360.76
419.295	340.1
419.352	342.39
419.409	328.62
419.466	383.72
419.523	402.09
419.579	406.68
419.636	356.17
419.693	363.06
419.75	386.02
419.807	358.46
419.864	425.05
419.921	340.1
419.978	330.91
420.034	415.86
420.091	383.72
420.148	415.86
420.205	369.94
420.262	365.35
420.318	379.13
420.375	395.2
420.432	356.17
420.489	351.58
420.545	340.1
420.602	415.86
420.659	328.62
420.715	381.42
420.772	365.35
420.829	374.54
420.885	333.21
420.942	340.1
420.999	376.83
421.055	363.06
421.112	353.87
421.168	351.58
421.225	379.13
421.282	406.68
421.338	335.5
421.395	431.94
421.451	397.5
421.508	406.68
421.564	388.31
421.621	349.28
421.677	397.5
421.734	388.31
421.79	406.68
421.846	365.35
421.903	420.46
421.959	374.54
422.016	365.35
422.072	434.23
422.128	353.87
422.185	445.71
422.241	344.69
422.297	381.42
422.354	448.01
422.41	422.75
422.466	381.42
422.523	399.79
422.579	317.14
422.635	376.83
422.691	388.31
422.748	353.87
422.804	358.46
422.86	330.91
422.916	406.68
422.972	434.23
423.029	413.57
423.085	365.35
423.141	346.98
423.197	420.46
423.253	379.13
423.309	383.72
423.365	358.46
423.421	358.46
423.477	335.5
423.533	333.21
423.589	413.57
423.645	337.8
423.701	379.13
423.757	422.75
423.813	346.98
423.869	346.98
423.925	326.32
423.981	314.84
424.037	369.94
424.093	376.83
424.149	372.24
424.205	386.02
424.261	379.13
424.317	383.72
424.373	365.35
424.428	353.87
424.484	374.54
424.54	360.76
424.596	372.24
424.652	349.28
424.708	404.38
424.763	321.73
424.819	388.31
424.875	358.46
424.931	388.31
424.986	406.68
425.042	369.94
425.098	365.35
425.153	383.72
425.209	392.9
425.265	346.98
425.32	411.27
425.376	427.34
425.432	404.38
425.487	376.83
425.543	386.02
425.598	363.06
425.654	381.42
425.709	369.94
425.765	438.82
425.82	415.86
425.876	344.69
425.932	376.83
425.987	429.64
426.042	367.65
426.098	268.92
426.153	340.1
426.209	324.02
426.264	395.2
426.32	429.64
426.375	337.8
426.43	392.9
426.486	434.23
426.541	443.42
426.597	358.46
426.652	363.06
426.707	344.69
426.763	337.8
426.818	365.35
426.873	420.46
426.928	367.65
426.984	404.38
427.039	390.61
427.094	317.14
427.149	372.24
427.205	365.35
427.26	429.64
427.315	395.2
427.37	399.79
427.425	441.12
427.48	386.02
427.536	399.79
427.591	411.27
427.646	353.87
427.701	392.9
427.756	383.72
427.811	335.5
427.866	372.24
427.921	363.06
427.976	326.32
428.031	386.02
428.086	330.91
428.141	381.42
428.196	399.79
428.251	367.65
428.306	392.9
428.361	319.43
428.416	386.02
428.471	413.57
428.526	402.09
428.581	413.57
428.636	390.61
428.691	351.58
428.745	415.86
428.8	353.87
428.855	356.17
428.91	367.65
428.965	406.68
429.02	397.5
429.074	404.38
429.129	413.57
429.184	314.84
429.239	383.72
429.293	346.98
429.348	415.86
429.403	402.09
429.457	342.39
429.512	422.75
429.567	358.46
429.621	369.94
429.676	363.06
429.731	324.02
429.785	397.5
429.84	374.54
429.895	383.72
429.949	367.65
430.004	379.13
430.058	429.64
430.113	294.18
430.167	353.87
430.222	346.98
430.276	397.5
430.331	275.81
430.385	342.39
430.44	344.69
430.494	335.5
430.549	379.13
430.603	379.13
430.657	319.43
430.712	330.91
430.766	307.95
430.821	397.5
430.875	301.06
430.929	349.28
430.984	434.23
431.038	367.65
431.092	356.17
431.147	367.65
431.201	420.46
431.255	406.68
431.309	369.94
431.364	326.32
431.418	360.76
431.472	358.46
431.526	328.62
431.581	383.72
431.635	381.42
431.689	411.27
431.743	342.39
431.797	418.16
431.851	303.36
431.906	312.54
431.96	372.24
432.014	346.98
432.068	390.61
432.122	356.17
432.176	406.68
432.23	399.79
432.284	418.16
432.338	321.73
432.392	353.87
432.446	438.82
432.5	358.46
432.554	358.46
432.608	342.39
432.662	395.2
432.716	386.02
432.77	337.8
432.824	374.54
432.878	443.42
432.931	392.9
432.985	415.86
433.039	381.42
433.093	358.46
433.147	351.58
433.201	427.34
433.254	429.64
433.308	349.28
433.362	402.09
433.416	379.13
433.47	330.91
433.523	349.28
433.577	415.86
433.631	358.46
433.684	360.76
433.738	365.35
433.792	374.54
433.846	333.21
433.899	397.5
433.953	438.82
434.006	326.32
434.06	358.46
434.114	379.13
434.167	379.13
434.221	379.13
